10|-10|1E-10
9.520968979714594008029469256|1|9.520968979714594008029469256
9.520968979714594008029469256|3|863.0648918738898075607339104
9.520968979714594008029469256|5|78235.84019361210883376082130
9.520968979714594008029469256|7|7091988.966798088768077364888
9.520968979714594008029469256|9|642880646.2705116347952366056
9.520968979714594008029469256|11|58276391472.69944746415601852
9.520968979714594008029469256|13|5282687887372.313800731399708
9.520968979714594008029469256|15|478869583551060.5388678787478
9.520968979714594008029469256|17|43408977198619114.43033922763
9.520968979714594008029469256|19|3934973876304491352.243813800
9.520968979714594008029469256|21|356700857897461759973.0864024
9.520968979714594008029469256|23|32334522673954246370336.88338
9.520968979714594008029469256|25|2931087305803480294479132.334
9.520968979714594008029469256|27|265699694437198344305991969.9
9.520968979714594008029469256|29|2.408537182916441553760657669E+28
9.520968979714594008029469256|31|2.183311265667346811103523143E+30
9.520968979714594008029469256|33|1.979146561074837372629842076E+32
9.520968979714594008029469256|35|1.794073603617432753041630839E+34
9.520968979714594008029469256|37|1.626307095442606115812685610E+36
9.520968979714594008029469256|39|1.474228684572384783446677371E+38
9.520968979714594008029469256|41|1.336371353544723885212031977E+40
9.520968979714594008029469256|43|1.211405267896393378240714336E+42
9.520968979714594008029469256|45|1.098124947975413328920365245E+44
9.520968979714594008029469256|47|9.954376403365105403242073042E+45
9.520968979714594008029469256|49|9.023527765447925760255551769E+47
9.520968979714594008029469256|51|8.179724177024690594251031312E+49
9.520968979714594008029469256|53|7.414825925221825955201941381E+51
9.520968979714594008029469256|55|6.721454453900683234161533130E+53
-4.605420123508916891993014713i|0|1
-1|0|1
-4.605420123508916891993014713i|2|-21.20989451402088731989749147
-1|1|-1
-4.605420123508916891993014713i|4|449.8596252958933318994123711
-1|2|1
-4.605420123508916891993014713i|6|-9541.475198642859968885048621
-1|3|-1
-4.605420123508916891993014713i|8|202373.6824713615517440932378
-1|4|1
-4.605420123508916891993014713i|10|-4292324.457631536382292182988
-1|5|-1
-4.605420123508916891993014713i|12|91039748.96631680410222075520
-1|6|1
-4.605420123508916891993014713i|14|-1930943472.158521530473751468
-1|7|-1
-4.605420123508916891993014713i|16|40955107357.01946978155305304
-1|8|1
-4.605420123508916891993014713i|18|-868653506852.7837339397530501
-1|9|-1
-4.605420123508916891993014713i|20|18424049249581.86296779491572
-1|10|1
-4.605420123508916891993014713i|22|-390772141104757.0011650162957
-1|11|-1
-4.605420123508916891993014713i|24|8288235891849981.601031253476
-1|12|1
-4.605420123508916891993014713i|26|-175792608973459941.1051726609
-1|13|-1
-4.605420123508916891993014713i|28|3728542692671607012.904608005
-1|14|1
-4.605420123508916891993014713i|30|-79081997202588184850.54265861
-1|15|-1
-4.605420123508916891993014713i|1|-4.605420123508916891993014713i
-4.605420123508916891993014713i|3|97.68047501237317370094664871i
-4.605420123508916891993014713i|5|-2071.792571091888142329799762i
-4.605420123508916891993014713i|7|43942.50188779106749409611376i
-4.605420123508916891993014713i|9|-932015.8297222122471152593054i
-4.605420123508916891993014713i|11|19767957.43380577499681848446i
-4.605420123508916891993014713i|13|-419276291.9286755248971786368i
-4.605420123508916891993014713i|15|8892805924.037035052837687848i
-4.605420123508916891993014713i|17|-188615475582.4855573821294444i
-4.605420123508916891993014713i|19|4000514340816.401049779568372i
-4.605420123508916891993014713i|21|-84850487170543.67092973464252i
-4.605420123508916891993014713i|23|1799669882350513.887718989216i
-4.605420123508916891993014713i|25|-38170808364714780.21275433737i
-4.605420123508916891993014713i|27|809598818930506613.8942736138i
-4.605420123508916891993014713i|29|-17171505548191941926.79650286i
-4.605420123508916891993014713i|31|364205821324075498421.6743704i
10005|0.5|100.0249968757046611144771976
1|3|1
-262537412640768000|0|1
-262537412640768000|1|-262537412640768000
-10.0|2|100.00
-9.9|2|98.01
-9.8|2|96.04
-9.7|2|94.09
-9.6|2|92.16
-9.5|2|90.25
-9.4|2|88.36
-9.3|2|86.49
-9.2|2|84.64
-9.1|2|82.81
-9.0|2|81.00
-8.9|2|79.21
-8.8|2|77.44
-8.7|2|75.69
-8.6|2|73.96
-8.5|2|72.25
-8.4|2|70.56
-8.3|2|68.89
-8.2|2|67.24
-8.1|2|65.61
-8.0|2|64.00
-7.9|2|62.41
-7.8|2|60.84
-7.7|2|59.29
-7.6|2|57.76
-7.5|2|56.25
-7.4|2|54.76
-7.3|2|53.29
-7.2|2|51.84
-7.1|2|50.41
-7.0|2|49.00
-6.9|2|47.61
-6.8|2|46.24
-6.7|2|44.89
-6.6|2|43.56
-6.5|2|42.25
-6.4|2|40.96
-6.3|2|39.69
-6.2|2|38.44
-6.1|2|37.21
-6.0|2|36.00
-5.9|2|34.81
-5.8|2|33.64
-5.7|2|32.49
-5.6|2|31.36
-5.5|2|30.25
-5.4|2|29.16
-5.3|2|28.09
-5.2|2|27.04
-5.1|2|26.01
-5.0|2|25.00
-4.9|2|24.01
-4.8|2|23.04
-4.7|2|22.09
-4.6|2|21.16
-4.5|2|20.25
-4.4|2|19.36
-4.3|2|18.49
-4.2|2|17.64
-4.1|2|16.81
-4.0|2|16.00
-3.9|2|15.21
-3.8|2|14.44
-3.7|2|13.69
-3.6|2|12.96
-3.5|2|12.25
-3.4|2|11.56
-3.3|2|10.89
-3.2|2|10.24
-3.1|2|9.61
-3.0|2|9.00
-2.9|2|8.41
-2.8|2|7.84
-2.7|2|7.29
-2.6|2|6.76
-2.5|2|6.25
-2.4|2|5.76
-2.3|2|5.29
-2.2|2|4.84
-2.1|2|4.41
-2.0|2|4.00
-1.9|2|3.61
-1.8|2|3.24
-1.7|2|2.89
-1.6|2|2.56
-1.5|2|2.25
-1.4|2|1.96
-1.3|2|1.69
-1.2|2|1.44
-1.1|2|1.21
-1.0|2|1.00
-0.9|2|0.81
-0.8|2|0.64
-0.7|2|0.49
-0.6|2|0.36
-0.5|2|0.25
-0.4|2|0.16
-0.3|2|0.09
-0.2|2|0.04
-0.1|2|0.01
0.0|2|0
0.1|2|0.01
0.2|2|0.04
0.3|2|0.09
0.4|2|0.16
0.5|2|0.25
0.6|2|0.36
0.7|2|0.49
0.8|2|0.64
0.9|2|0.81
1.0|2|1
1.1|2|1.21
1.2|2|1.44
1.3|2|1.69
1.4|2|1.96
1.5|2|2.25
1.6|2|2.56
1.7|2|2.89
1.8|2|3.24
1.9|2|3.61
2.0|2|4.00
2.1|2|4.41
2.2|2|4.84
2.3|2|5.29
2.4|2|5.76
2.5|2|6.25
2.6|2|6.76
2.7|2|7.29
2.8|2|7.84
2.9|2|8.41
3.0|2|9.00
3.1|2|9.61
3.2|2|10.24
3.3|2|10.89
3.4|2|11.56
3.5|2|12.25
3.6|2|12.96
3.7|2|13.69
3.8|2|14.44
3.9|2|15.21
4.0|2|16.00
4.1|2|16.81
4.2|2|17.64
4.3|2|18.49
4.4|2|19.36
4.5|2|20.25
4.6|2|21.16
4.7|2|22.09
4.8|2|23.04
4.9|2|24.01
5.0|2|25.00
5.1|2|26.01
5.2|2|27.04
5.3|2|28.09
5.4|2|29.16
5.5|2|30.25
5.6|2|31.36
5.7|2|32.49
5.8|2|33.64
5.9|2|34.81
6.0|2|36.00
6.1|2|37.21
6.2|2|38.44
6.3|2|39.69
6.4|2|40.96
6.5|2|42.25
6.6|2|43.56
6.7|2|44.89
6.8|2|46.24
6.9|2|47.61
7.0|2|49.00
7.1|2|50.41
7.2|2|51.84
7.3|2|53.29
7.4|2|54.76
7.5|2|56.25
7.6|2|57.76
7.7|2|59.29
7.8|2|60.84
7.9|2|62.41
8.0|2|64.00
8.1|2|65.61
8.2|2|67.24
8.3|2|68.89
8.4|2|70.56
8.5|2|72.25
8.6|2|73.96
8.7|2|75.69
8.8|2|77.44
8.9|2|79.21
9.0|2|81.00
9.1|2|82.81
9.2|2|84.64
9.3|2|86.49
9.4|2|88.36
9.5|2|90.25
9.6|2|92.16
9.7|2|94.09
9.8|2|96.04
9.9|2|98.01
10.0|2|100.00
