10005|9.210840247017833783986029426
21.20989451402088731989749147|3.054467795156438983890259056
2.332443377911959425343778339|0.8469163781658097758101174344
0.1793168379013732283899215571|-1.718600993611751884154015020
0.7383973438108252101319156811|-0.3032731930225740832682709766
0.02299365740152686940603560464|-3.749996393153564704393275400
3.515618237166186156039342531|1.257215395192391008530390081
0.3951476374771899751512449426|-0.9284958181490005749831164898
0.2155261210800454863812598335|-1.534673165274676214560868526
0.5888054310535484140440353487|-0.5296594876739571141663554152
0.07013479322075968203823066887|-2.657292818538815965091376884
1.765301280864491178203107915|0.5683213731917704886253701174
0.08074729580664491595741959395|-2.516419260082027313653020582
1.583091473127944455962943095|0.4593795638964582560095178012
0.05275739593142504339760655687|-2.941654989606415233274372816
2.163333519469079728525513659|0.7716503280890623039015958344
0.1488610572099893740110340762|-1.904741907223684416669089215
0.9070104332835297034487404692|-0.09760132586421900064902572424
0.002381504702613366213479005593|-5.045821356011180166748367870
6.365078289194626246071309087|1.850826531885749029220073664
0.8563897127830573919901411232|-0.1550297345023974681110991561
0.006008554644970961984869396300|-4.721020923729878758706148242
5.572009640573829427935677880|1.717755786098013227119779877
0.7376712351683008429971686476|-0.3042570344394761712881737470
0.02314308575147614724319267805|-3.744007573178109544936384002
3.504398177003759324790633506|1.254018801607835988255945565
0.3931407886964882789410516164|-0.9335874903078613392019101342
0.2178964005148327724904695937|-1.523735556144730522225491440
0.5804425112649228053819515094|-0.5439645158836568265067840270
0.07397434863513528497381330549|-2.604010030582312673702438120
1.695217059843324246543405062|0.5278107915381880804250831658
0.06964605791604215854037898347|-2.664282974335290508537584022
1.774600941833225565648348306|0.5735755761488285293899424624
0.08224723538861514874057207103|-2.498015918173148622212939748
1.560020881861609688241341049|0.4446992069805806992575440720
0.04943934617228933842976194610|-3.006399376880971268535450088
2.259609303327573080193480383|0.8151919237058354004716504616
0.1661344681188051410905308265|-1.794957769283537920860153106
0.8054683483778336371971179282|-0.2163313715160056487851832214
0.01169981557549901503928704278|-4.314932744896221875942531310
4.654661148244410943397570519|1.537869115006319777523186371
0.5912603537225803015832997431|-0.5254988277477891171616218656
0.06903725449107513434569607083|-2.673059119859961217562146588
1.786311264566627627730302767|0.5801527475417327717210662560
0.08414430262005538015031885208|-2.475214490311760074975308288
1.531671693262326552515483319|0.4263597489158704798746479102
0.04544565887390102970970166127|-3.090210767209714978723357162
2.387350646444713814887042201|0.8701842349530640343189776430
0.1893051506902123375554873993|-1.664395011976199104581554310
0.6925526889728129901923442910|-0.3673709586556756734787874856
0.03374035531589754125907632283|-3.384129114856742531327106282
2.863082466505269920916560654|1.051898829929320894361518261
0.2766227871016685907379662119|-1.285100480275387925901287937
0.4128708111010081778999344077|-0.8846205410059495071832821214
0.1956383753924146983815880574|-1.631487347402428863213946941
0.6654377411835534014910613416|-0.4073101974637923494466591772
0.04147539923949837891388163108|-3.180918384863055260415779892
2.529560442789947036318446967|0.9280455496175404994881304224
0.2153171355412307062839371755|-1.535643288640836396862848480
0.5895500774869107918769365843|-0.5283956135254699729396989742
0.06980048109823945655131249887|-2.662069060230447283799540526
1.771652920359054192095174526|0.5719129641262109625343564166
0.08177110963390716684014066679|-2.503821113329841851672639416
1.567280041889072188361683379|0.4493416595248815675681679790
0.05047698174614364749367576263|-2.985705408359298109968500098
2.228609196376490771040838509|0.8013777121485928052486791208
0.1605515593821282171504439879|-1.829140145061934344657253144
0.8364384175692985543343829613|-0.1786023804293005166916508755
0.007974702573753147054254019655|-4.568237528528438429763613484
5.217198529263903829111577437|1.651960577612529762913486393
0.6822434374964807426299162690|-0.3823687383531344696940951066
0.03655146301744195179179118440|-3.305671806985050061119605340
2.731866523873951516513408989|1.004985083953511796509416781
0.2524987547422617884555438535|-1.376348961992689242099580320
0.4735841162945882839761753988|-0.7474257342040922848701173130
0.1396613070376316019218056789|-1.968535014323722418556920643
0.9687825256546245068992298700|-0.03171512400891379581365962786
0.0002514622727251950697903119346|-5.267800960853810751313120892
6.937431740793082947895037948|1.936931639859186980500128241
0.9379260443718998036083377836|-0.06408417703745874349017282670
0.001026695436642088624361705959|-5.184000755465242767034763466
6.718465958166051934087364168|1.904859848440391289744041687
0.9071227605500876186696657254|-0.09747749012042326158451298944
0.002375465270044303642061315024|-5.046415172603289425517778366
6.366576523570171851111029884|1.851061887682696864176969503
0.8566075280078572651927206872|-0.1547754255977629198050122195
0.005988858092242161320360968775|-4.722627340002306435518782080
5.575802248134315117719474997|1.718436208004064676829887983
0.7382557502448472599191532137|-0.3034649693673119280058643528
0.02302274690827589170654444193|-3.748828136589699859668223056
3.513428099421650336946679590|1.256592227351253923235490734
0.3947560064598963571013310031|-0.9294874101042700626625427066
0.2159867113855858802450903237|-1.532538394552715592212621021
0.5871684826945537420905181945|-0.5324434770076225138094231250
0.07087401405199166112809940770|-2.646811826909843018886126500
1.751403211767455200302624064|0.5604173019329313420302009594
0.07851688807644658282702676331|-2.544426305994718304203973768
1.618526306659481966138157597|0.4815160479805127049303778198
0.05796442611569285334602776014|-2.847722806182689243276318628
2.027381295213252571252771198|0.7067449579263905258084828636
0.1248721088885938786284116574|-2.080465142689451867556329142
